N225
number of data points:  133
OPTIMAL PARTITION:  [(0, 62), (62, 110), (110, 133)]
[15.063638802012306, 12.046808919979114, 13.100279437945929, 16.25052130591274, 12.861207773879556, 15.843956141846348, 13.768950109813161, 12.06174067777998, 5.559941845746778, 3.9415109137135858, 3.783100081680402, 4.074647149647205, 5.806363317614014, -0.8337039144191749, -6.339502046452353, -6.079385778485545, -8.511435610518745, -11.587543052551922, -14.388078774585125, -15.90532428661831, -20.37197294865149, -17.104003070684684, -9.865126102717866, -9.731560634751062, -10.070147666784251, -11.852074398817464, -7.967755730850641, -7.326746762883829, -9.123699594917014, -7.165901626950216, -5.836445858983424, -5.845835691016589, -4.442489723049761, -6.609031255082982, -8.648057087116172, -2.2761489191493354, 0.35575894881748127, -3.4595258832157185, 7.3911464847510615, 6.579855352717857, -9.313438679315311, -4.812909211348455, -11.579251443381708, -5.040263175414879, -5.678684507448082, 1.1088559605187243, 1.9988307284855864, 2.0310729964523375, 6.695373964419161, 9.70403893238597, 11.737105600352805, 8.072496068319623, 11.11645193628641, 11.285584004253224, 0.7923376722200146, 5.886331940186864, 4.171402708153693, 5.8945717761204435, 1.9717602440872781, 4.846706112054079, 2.499850480020882, 9.463845047987718, 4.9501539422618634, -1.9018361961499295, 3.3707779654381795, 10.547855927026319, 2.1762924886145356, 9.912371650202658, -5.85289538820922, -25.221824326621118, -15.439704465032918, -11.650959303444779, -1.1063646418566577, -2.3399449802685126, 7.064590581319692, 24.232694242907826, 38.49743820449595, 23.901593366084057, 21.818827427672318, 36.683929089260346, 30.051265950848517, -21.074029587563302, -28.532718525975213, -50.39061566438704, -28.395526702798918, -12.43613384121079, -4.789936079622578, 5.0124484819656345, -1.6075319564462234, -3.1252310948581226, -7.544359933270016, -21.44665737168191, -20.138057610093767, -25.706343948505605, -10.07959468691746, -8.462475925329272, 4.7647729362589075, 3.9584044978469706, 9.338683159435163, 15.016590321023216, 16.26563678261141, -8.284288655800424, 12.978240005787768, -0.6068535326240863, 9.632530628964048, 2.0489451905522174, 19.371170452140348, 35.69711921372851, 5.51086297531657, -36.66931106309522, 8.452606726086913, 7.730170336363585, 61.345265946640325, 49.66461485691707, 41.9263348671937, -23.05904012252961, -87.18392561225295, -24.40700090197629, -57.440117791699606, -33.49026938142288, -36.41727947114629, 11.271163139130408, 14.387569149407057, 16.62708075968385, 16.92504556996056, -12.788390219762846, 3.3824503905138386, -16.491186399209482, 10.029515911067222, 32.76293362134385, 2.5494985316206, 11.367578441897194, 2.8553816521738895]
DJI21
number of data points:  133
OPTIMAL PARTITION:  [(0, 82), (82, 105), (105, 133)]
[19.65927097867467, 16.35816098939091, 15.592188270107187, 17.49270707082343, 8.96369744153968, 0.6185837722559313, -1.2770356070278126, -4.722635276311564, -1.29840702559531, -0.2910972048790512, 3.2907561858372105, 6.097619416553442, 4.963854747269707, 8.637656077985966, 11.562738108702206, 13.555204939418488, 17.150193670134726, 11.28767560085096, 14.908935231567227, 18.01791326228347, 11.41981129299974, 8.302597223715978, 4.594289054432238, 7.42742308514849, 4.664865615864741, 11.372950446580958, 8.09811127729725, 0.5411232080135164, -2.365923961270255, -16.149104130554008, -19.896818599837715, -13.083650369121514, -22.085535338405236, -23.140487507688988, -19.92642607697273, -17.539896446256478, -12.578823315540234, -18.270580884823943, -27.16738245410771, -31.125263723391484, -33.54630019267522, -27.16660106195897, -21.377996031242702, -20.541446800526472, -23.61925456981021, -24.227602139093932, -16.77079800837771, -6.2008978776614185, -4.077076846945232, -7.509541116228945, -16.51142608551268, -14.01981305479643, -2.753735424080162, -3.1519161933639452, -1.2645327626476615, 6.625740368068591, 7.83008159878483, 22.051630229501086, 14.258204460217314, 12.46766849093359, 18.913044821649862, 13.615350052366097, -6.853762116917665, -4.375284486201423, -6.533612455485127, 4.298996175231082, 11.887154605947359, 13.157172936663613, 5.6921328673798826, -5.858024801903866, -0.04314897118763383, -0.979882240471369, -3.808116909755114, 1.6915087209611102, -2.5684874483225997, 1.6307309823936293, 10.768869613109928, 0.13819184382612093, 18.2740974745424, 27.504184105258616, 35.95928063597489, 13.335958566691176, 29.127522157608666, 21.48150991798417, 7.793201678359651, -8.128129061264787, 6.792520999110707, -7.828402540513764, -8.000357180138337, -31.31693291976279, -34.83842125938736, -13.691579199011755, -28.58834663863638, -20.090919978260786, 23.13657368211466, 20.915492442490233, 32.99889050286555, 21.95080286324111, -0.2098552763833368, 2.5867963839922368, -37.070249655632495, -3.0112834952569187, 7.1543422651186575, 39.09850482549422, -20.261680514130546, -25.04081365689649, -60.246779224110355, -37.53865049132452, -2.8378775585384233, 12.566954174247428, 42.44702570703345, 43.613055339819596, 48.338785572605445, -5.480078994608448, 14.758589638177398, 33.394736270963506, -3.0722301962506435, -21.18900626346459, -14.203982730678717, -25.46406629789263, -9.0215358651065, 28.752926767679327, 15.325498000465416, -2.2921318667487185, -21.958888233962625, 16.76132509882325, 7.524097231609346, 22.99460616439518, -23.03495070281872, -3.1772093700326423, -6.253922337246777, -17.04113060446069, -8.624345571674823]
DJI91
number of data points:  133
OPTIMAL PARTITION:  [(0, 46), (46, 99), (99, 133)]
[-4.60429273348754, -0.11863407364170087, 0.19693188620409785, -1.5950233539500829, 2.6655212058957574, -2.58939073425843, 0.8832545255874038, 0.7273964854332178, -1.0952561547209712, -0.02504629487516752, -7.241301435029328, 1.9352090248165013, 3.0872785846623145, 3.86403604450814, 1.8451395043539662, 5.519875764199796, 6.059094024045592, 2.351841683891422, 4.261478643737249, -1.5653546964169323, -1.8849321365711091, -4.38621607672529, -2.345018916879468, -3.3366496570336466, -3.8539327971878095, -2.4738255373419946, -0.966178077496167, -2.0846182176503447, 0.7232825421954772, -0.5336611979587076, -0.5210491381128861, 2.7217311217329154, -1.6334552184212328, 2.109619241424582, 1.390245001270415, 3.1113123611162337, 10.464983320962034, 4.2748976808078964, -3.7321804593462957, -2.9031642995004745, -0.94309583965466, -6.660661079808875, -2.403405519963002, 2.196637439882778, -1.2120465002713559, 0.3186240595744323, 1.5769227008386508, 0.9065274094420772, -2.8990203819545, -0.9389427733510161, 0.2701455352524249, 2.098297543855864, 3.2061575524593025, 2.3804481610627874, 3.7989363696662224, -3.9289324217303374, -1.554805613126888, -6.932497704523428, 0.5757657040800268, -2.0161392873165482, 4.000012321286931, 3.1509144298903777, 2.7111148384938417, -2.0986757529027216, -3.540525444299277, -7.271887935695844, -16.0160592270924, -16.975521518488932, -11.40594370988552, -10.176025101281965, 3.665765407321487, -3.167494084075088, 6.014872824528311, 4.227677633131776, -10.675703458264792, 0.7249144503387015, 8.342445958942164, 16.683558567545504, 32.62592677614907, 6.542121884752476, 14.19254339335589, -8.346445198040556, 1.4272117105628013, 0.391006019166241, -3.824571072230299, 15.385606136373099, 20.521400744976575, 26.003271753580123, 15.881372862183582, 13.634447870787028, 6.97294757939045, -46.30069511200611, -39.35740960340263, -16.117835894799214, -1.1018706861957526, -2.8806606775923456, -0.5474636689888825, -6.606710660385431, 6.769502848218053, -8.664815427562985, -15.885761646035121, 0.2949271354927987, -10.081636482979377, -2.5594357014514912, -19.39268131992361, -3.87527513839575, 2.690190643132155, 26.48127122466002, 7.299676206187939, -21.223789012284215, 8.93699766924368, 3.2249737507715395, -3.3484039677006194, -4.910069086172655, -1.0437799046447935, 25.444650076883136, 5.985682258410975, 18.846668839938843, -0.3371189785332831, 14.47095850299462, 19.261092584522487, 6.091432966050377, -15.27954305242173, 17.168198329106133, 24.794185510634065, 10.98645889216192, 12.891039373689807, -6.892443644782304, -46.012717063254456, -36.537212781726566, -7.004626100198664, 0.36701138132917777, -2.186106037142906]
Chl97
number of data points:  133
OPTIMAL PARTITION:  [(0, 39), (39, 91), (91, 133)]
[30.034164618653904, 15.685868140708564, 17.042315632763206, 19.994355934817875, 19.015928806872523, 10.855906578927176, -8.133595609018187, -11.127208056963525, 1.3784087950911186, -2.9339226328542196, -1.7801353607995622, -7.685205288744925, -19.570180416690263, -17.52297534463561, -16.274993972580972, -10.88532160052631, -4.459512928471668, -4.712930156417002, -1.2214137843623405, 0.31485898769233245, -13.17427214025301, -22.17633346819838, -35.36004699614375, -35.14249312408907, -18.121262852034448, -17.723883779979786, 2.2459107920748522, 10.258749264129534, 32.00396193618417, 32.29287500823878, 17.642015280293492, 5.688535252348146, 3.1002434244027484, -2.779137203542575, -4.248516031487895, -12.077431359433206, -18.887336487378576, 15.902347284676011, 52.54166285673074, -53.945677712046574, -5.129455389477641, 18.776679633091362, -18.62334514433985, -11.532304021770813, 36.63597630079812, 68.26032792336696, 112.39252894593596, 190.1977334685049, 128.44422349107379, 68.03797631364284, 54.42912583621194, 9.916010958780817, 72.51884058134976, 140.72479860391843, 117.71079892648743, 83.1851247490564, 75.32212127162552, 67.8216226941945, -4.829872083236637, -71.99812196066785, -47.03016123809891, -121.1059866155299, -124.89294979296085, -16.077869170391978, -74.12069804782288, -145.89875552525416, -225.3779034026852, -235.9668303801161, -193.5558143575472, -215.50798843497842, -192.3011741124095, -203.62367418984059, -196.8865749672716, -167.79404964470223, -38.11352402213356, 138.48142730043537, 96.32602262300429, -69.01828505442677, -37.85634173185781, 10.023647590711107, -40.77193608671996, -74.38421176415113, 54.97377055841798, 108.99636388098679, 254.3816332035558, 241.12672452612492, 142.18933584869387, 117.43131617126278, 70.34926849383169, 36.81406081640057, 70.87604413896952, -39.11064810675521, 1.6604746647703905, 14.575799436296393, -8.18564679217775, -55.02655802065192, -13.282096249126198, -97.20983747760056, -33.289774706074695, -41.99344793454907, -47.33467416302324, -107.6196683914975, -43.31997461997162, -52.254851848445696, 8.984957923080174, 4.953887694605783, -40.959353533868125, 5.634683237657555, 12.082006009183488, -64.09326621929085, -96.70514344776507, 10.618470323760675, 65.5358500952866, 54.36600086681233, 84.12781763833823, 190.42100440986405, 227.86393118138972, 235.25319595291558, 185.3067297244413, 200.18015249596738, 97.76465626749291, 75.59406403901903, 48.02015081054469, -72.31508141792938, -2.6291906464036856, 102.98465612512223, 48.00878989664784, -14.879390331826244, -74.53642356030059, -35.19248678877466, -273.6358417172489, -255.793874045723, -204.57004877419718]
DJI88
number of data points:  133
OPTIMAL PARTITION:  [(0, 89), (89, 117), (117, 133)]
[4.628102803700386, 0.2863387100948387, 1.534765796489296, 11.189261072883738, 10.885578829278202, 7.3413001856726225, 12.2368594420671, 13.395666798461534, 11.235947654855977, 0.9753868112504307, 1.099021667644891, 1.144726424039348, 4.8570458804337875, 0.17758433682823238, 6.377175193222698, 4.70062304961715, -0.2606859939884174, 1.5605279624060273, 1.4062119188004942, 6.027716675194924, 4.121270531589374, -4.776811112016162, -4.644084355621686, -3.246291099227264, 0.8426908571671845, -1.5391292864383672, -12.3218223300439, -8.986165473649464, -5.328397117254994, -3.842282960860558, 4.1808739955338865, 3.09529235192835, 2.3422127083227906, 0.5812362647172478, 8.7927244211117, 4.249640777506144, 1.346987233900606, 4.163109590295036, 7.236401646689487, 5.710514503083942, 4.200213459478391, 1.5378446158728565, -2.3804989277327167, -12.316350671338256, -17.137385314943785, -17.534583758549346, -13.533922702154925, -16.080695145760444, -17.318240589365985, -24.116104032971535, -25.057514876577088, -22.46479222018266, -26.9390376637882, -28.65845130739376, -29.82196315099928, -18.511451694604844, -19.899662138210417, -8.230671881815937, -2.784406125421498, -2.572450369027024, 0.48395678736739, 4.488514443761829, 6.078535400156312, 17.83844425655073, 13.701896312945195, 15.825738969339653, 12.1411860257341, 13.61041528212857, 15.083541038523009, 13.32256459491748, 19.192250951311905, 16.203874307706343, 10.529504164100786, 1.2326798204952638, 1.8342864768897016, 1.8644051332841514, -7.425925010321379, -4.578630553926985, -7.533237497532497, 5.906066558861937, 2.880023515256397, 2.2360462716508778, -0.8900071719547213, 1.3182599844397487, 10.354509140834182, 9.265030997228678, 6.296136853623096, 4.43255231001757, 11.150378766411961, 11.766586235960546, 7.0777727711274, -0.9139811937056095, -7.858873158538643, -8.171907223371761, -1.7128091882047443, 1.722598146962099, -1.364750217870892, 10.322163717296121, 18.304796652462954, 7.56080868762993, 13.358799122796825, 9.192117857963837, -12.303636506869168, -2.5701722717023188, -25.79987303653533, -17.741907601368467, -19.244675666201488, -27.865066431034478, -0.06998539586760444, 2.249721539299344, 6.4852119744662104, -2.141672890366806, -7.711097255199945, 2.532809579967079, 16.229023215134077, 21.786728950300983, 6.881269585467919, 11.003616515441138, -12.476024981617655, -1.5027363786765306, -1.6851521757353112, 10.342791527205861, -3.211143369852948, -0.16205466691178572, -3.0200731639706078, 8.642897538970487, 4.256148841911738, -11.053812655147112, -3.200328652205883, -1.2591472492646858, -8.394233446323597, -4.073584043382368, 15.792836359558805]
FT00
number of data points:  133
OPTIMAL PARTITION:  [(0, 58), (58, 107), (107, 133)]
[-8.238473525599062, 0.6032980360976836, 3.224731397794443, 3.7312497594912344, 3.4821122211879896, -1.2825301171152574, 5.87283864458152, 7.632640006278251, 5.66484606797502, 2.236424529671794, -5.343496708631463, -2.8464701469347062, -0.10984538523793219, -1.391098223541178, -7.874396961844397, 1.1240349998523413, 2.7271758615491137, -6.723454476754142, -13.188322615057373, -18.0589410533606, -7.844087391663834, -3.854179629967092, 0.8360921317296857, 3.093520493426439, 0.42075485512319233, 2.3602549168199687, 1.991318278516701, -1.8932613597865213, -1.4835038980897366, 0.38688126360702313, 0.7459545253037447, 7.878285087000535, 4.136542748697281, 9.425810110394053, 8.374940072090823, 19.101243733787555, 21.62130859548435, 13.216616557181084, 1.2179513188778799, 2.1483741805746206, -5.846236357728657, -9.071920896031855, -2.404963834335092, 4.506199027361646, -6.7229873109415905, -4.30889864924481, -5.908079887548041, -7.5026535258512865, -11.769668764154545, -11.81606940245777, -6.752577340761036, -3.9836988790642636, -0.11359031736751035, -1.1967138556707653, 4.792917406026021, 4.599071767722791, 5.137843729419529, 5.238888191116331, 9.809575804734749, 7.923199727071449, 8.110269749408218, 3.611351571744933, -0.7124756059183142, 1.6954855164184153, -4.5727732612448335, -9.306681938908156, -12.704369816571386, -8.167670794234652, -7.23876787189792, -9.106713349561176, -8.509561827224474, -8.76021940488772, -4.5506639825509865, -6.091465760214277, -8.917804037877488, -6.2840677155408, -0.7843681932040454, -4.592137670867288, 6.326167651469433, -0.8590150261938447, 15.76357069614292, -5.792897081520351, -9.314991759183698, 1.6401748631531348, 13.484619385489822, 24.67477650782658, 29.23451383016331, 26.016524552500044, 20.324222974836715, 15.525807097173498, 12.694861119510279, -17.418027458152977, -28.980485135816224, -14.786135113479588, -3.7480306911428443, -0.39549976880607574, -2.8163641464693683, 7.00531857586742, 9.505432798204197, 18.3042154205408, 0.24496004287755113, 1.4595376652143273, -5.568984612448958, -7.939164790112159, -20.95764246777543, -13.587233745438823, -0.8903725231020303, 7.482875849572565, -20.000530864547045, -18.64921427866676, -1.470592692786397, -8.270223006906008, -3.794914321025658, -2.9366171351452977, 2.4924767507349657, 19.661882936615257, 5.227363522495693, 14.87707200837599, 4.234654994256289, 10.940070080136707, 17.401279366017036, 2.9160756518973585, -7.173422362222254, 11.184759623658067, 6.3203456095383785, 2.2484488954187327, 0.028830581299047253, -5.4484019328205875, -22.790353546940253, -13.504649961059926, -2.9472328751795374, 0.6940897107007515, 1.2759273965810962]
SSECI07
number of data points:  133
OPTIMAL PARTITION:  [(0, 103), (103, 117), (117, 133)]
[-33.75649526244584, -30.572411163366837, -22.08833086428787, -16.31210036520889, -22.12016046612989, -23.806990567050875, -37.4630910679719, -29.622097368892923, -31.582180169813938, -28.927300370734955, -37.11491855165596, -37.95169902257699, -41.48679866349799, -35.693742834418984, -38.61086738534, -25.32234467626104, 8.82789512281795, 1.6968645218969414, 3.9834178209759443, -0.5322568799450949, -5.853970180866085, -11.461704381787072, -16.970236682708105, -2.8511505836291207, 12.19273291544988, 19.451395414528832, 22.603164313607834, 27.58968581268681, 30.530596511765793, 38.60034611084481, 38.56644760992381, 29.523407509002794, 33.92088980808174, 43.14212900716075, 43.539548306239766, 43.047561005318755, 34.38643520439773, 47.276774703476704, 47.9680256025557, 56.00793880163471, 56.48061180071366, 31.965673599792666, 24.982914598871645, 19.40161739795063, 13.287726497029624, 18.323155796108622, 10.02737179518762, -2.6018156057334068, 0.29632859334557793, 7.020980792424552, 12.472561891503545, 0.033168090582535115, 18.18049448966154, 11.613725288740525, 13.018996387819513, 6.1342047868984935, 0.150677485977468, -5.765710314943533, -11.948481015864544, -0.006219116785558754, 1.1585191822934462, 1.2063393813724304, 2.2669790804514065, 6.9703833795304035, -0.348619621390597, -0.957898822311634, -5.336400823232651, -9.720133524153653, -11.123087625074675, -6.90827612599567, 1.5249940730833202, 9.449871772162311, 16.600044571241284, 22.27640547032027, 10.332646269399248, 7.203833868478256, -5.627429832442772, -6.5415381333637725, -10.039921434284778, -5.351359435205794, -11.50395983612681, -9.66679423704781, -15.662836837968854, -21.691862488889853, -12.06831223981085, -22.24925413073187, -23.92007841165288, -31.916314512573905, -30.082052643494904, -29.748373404415915, -22.97722123533694, -23.412601256257958, -28.45731844717895, -27.76318418809997, -22.481343809020984, -14.28229294994199, -10.725734150863005, -10.62660825178402, 1.296754147294962, 18.122526546373933, 20.844545845452927, 16.074912444531932, 20.039660543610935, 20.592092794285577, 1.1532781709890685, -3.7208819523074794, 17.503689624395548, 0.16111360109903217, -18.517757622197934, -19.942862345494405, 8.003796931208626, 3.716925407912072, -46.762974915384405, -19.39315313868144, 16.054679038022016, 17.16292821472507, 23.98912619142851, 5.495860884558908, 56.95174983911784, 3.317074193676376, 19.578453748235347, -33.86253299720573, 3.5539904573528247, 1.174983911911852, -37.46495383352965, -15.031816478970683, -27.240349724411715, -16.676198369853154, -44.35437341529419, -13.40458266073523, 1.5720501938233156, 34.799860148382294, 61.59078410294126]
